72,73,68,69,72,73,68,69,72,73,68,69,72,73,68,69,72,73,68,69,72,73,68,69,72,73,68,69,72,73,
80,81,76,77,80,81,76,77,80,81,76,77,80,81,76,77,80,81,76,77,80,81,76,77,80,81,76,77,80,81,
68,69,86,83,85,85,85,85,85,85,85,85,85,85,83,83,85,85,85,85,85,85,85,85,85,85,83,86,68,69,
76,77,83,86,83,85,85,85,85,85,85,85,85,85,83,83,85,85,85,85,85,85,85,85,85,83,86,83,76,77,
72,73,85,83,86,83,85,85,85,85,85,85,85,85,83,83,85,85,85,85,85,85,85,85,83,86,83,85,72,73,
80,81,85,85,83,86,83,85,85,85,85,85,85,85,83,83,85,85,85,85,85,85,85,83,86,83,85,85,80,81,
68,69,85,85,85,83,86,83,85,85,85,85,85,85,83,83,85,85,85,85,85,85,83,86,83,85,85,85,68,69,
76,77,85,85,85,85,83,86,83,85,85,85,85,85,83,83,85,85,85,85,85,83,86,83,85,85,85,85,76,77,
72,73,85,85,85,85,85,83,86,83,85,85,85,85,83,83,85,85,85,85,83,86,83,85,85,85,85,85,72,73,
80,81,85,85,85,85,85,85,83,86,83,85,85,85,83,83,85,85,85,83,86,83,85,85,85,85,85,85,80,81,
68,69,85,85,85,85,85,85,85,83,86,83,85,85,83,83,85,85,83,86,83,85,85,85,85,85,85,85,68,69,
76,77,85,85,85,85,85,85,85,85,83,86,83,85,83,83,85,83,86,83,85,85,85,85,85,85,85,85,76,77,
72,73,85,85,85,85,85,85,85,85,85,83,86,83,83,83,83,86,83,85,85,85,85,85,85,85,85,85,72,73,
80,81,85,85,85,85,85,85,85,85,85,85,83,117,86,86,117,83,85,85,85,85,85,85,85,85,85,85,80,81,
68,69,83,83,83,83,83,83,83,83,83,83,83,86,117,117,86,83,83,83,83,83,83,83,83,83,83,83,68,69,
76,77,83,83,83,83,83,83,83,83,83,83,83,86,117,117,86,83,83,83,83,83,83,83,83,83,83,83,76,77,
72,73,85,85,85,85,85,85,85,85,85,85,83,117,86,86,117,83,85,85,85,85,85,85,85,85,85,85,72,73,
80,81,85,85,85,85,85,85,85,85,85,83,86,83,83,83,83,86,83,85,85,85,85,85,85,85,85,85,80,81,
68,69,85,85,85,85,85,85,85,85,83,86,83,85,83,83,85,83,86,83,85,85,85,85,85,85,85,85,68,69,
76,77,85,85,85,85,85,85,85,83,86,83,85,85,83,83,85,85,83,86,83,85,85,85,85,85,85,85,76,77,
72,73,85,85,85,85,85,85,83,86,83,85,85,85,83,83,85,85,85,83,86,83,85,85,85,85,85,85,72,73,
80,81,85,85,85,85,85,83,86,83,85,85,85,85,83,83,85,85,85,85,83,86,83,85,85,85,85,85,80,81,
68,69,85,85,85,85,83,86,83,85,85,85,85,85,83,83,85,85,85,85,85,83,86,83,85,85,85,85,68,69,
76,77,85,85,85,83,86,83,85,85,85,85,85,85,83,83,85,85,85,85,85,85,83,86,83,85,85,85,76,77,
72,73,85,85,83,86,83,85,85,85,85,85,85,85,83,83,85,85,85,85,85,85,85,83,86,83,85,85,72,73,
80,81,85,83,86,83,85,85,85,85,85,85,85,85,83,83,85,85,85,85,85,85,85,85,83,86,83,85,80,81,
68,69,83,86,83,85,85,85,85,85,85,85,85,85,83,83,85,85,85,85,85,85,85,85,85,83,86,83,68,69,
76,77,86,83,85,85,85,85,85,85,85,85,85,85,83,83,85,85,85,85,85,85,85,85,85,85,83,86,76,77,
72,73,68,69,72,73,68,69,72,73,68,69,72,73,68,69,72,73,68,69,72,73,68,69,72,73,68,69,72,73,
80,81,76,77,80,81,76,77,80,81,76,77,80,81,76,77,80,81,76,77,80,81,76,77,80,81,76,77,80,81,
